################ FACEBOOK DATA ####################

Method: Spectral Decomposition
Total communities -  10
Communities:
[   0    1   34   58  107  472  594 1465 1505 1917]
Elapsed time: 46.74334383010864 seconds
Modularity:  0.7950467918186478

Method: Louvain
Total communities -  101
Communities:
[  42   69   95  135  151  152  174  179  182  189  192  201  241  256
  278  282  300  307  351  382  401  453  505  572  612  642  650  702
  757  831  852  865  877  882  895 1016 1044 1069 1111 1178 1208 1224
 1240 1245 1253 1486 1586 1627 1657 1698 1748 1760 1775 1829 1892 1905
 2113 2167 2168 2401 2424 2431 2435 2536 2565 2595 2721 2792 2801 2817
 2902 2917 3003 3012 3122 3194 3290 3310 3311 3407 3543 3581 3585 3598
 3641 3657 3668 3675 3676 3699 3700 3742 3787 3792 3846 3885 3925 4007
 4012 4018 4029]
Elapsed time: 8.026901721954346 seconds
Modularity:  0.8105424154958314

################ BITCOIN DATA ####################

Method: Spectral Decomposition
Total communities -  25
Communities:
[  0   1   2   3   4   5   9  10  11  13  14  16  18  20  28  29  32  56
  73  81  86 106 163 165 179]
Elapsed time: 96.23750400543213 seconds
Modularity:  0.0459682869632125

Method: Louvain
Total communities -  397
Communities:
[  12   33   46   61  143  208  213  345  404  410  445  470  493  512
  526  531  558  563  579  595  596  605  624  638  644  657  658  665
  676  678  687  698  706  711  727  733  796  798  809  842  852  873
  889  903  906  927  929  940  942  948  952  954  961  988  990 1008
 1024 1030 1034 1038 1043 1056 1070 1100 1108 1117 1130 1137 1147 1156
 1158 1165 1169 1170 1175 1178 1188 1197 1200 1214 1218 1232 1233 1239
 1243 1262 1265 1272 1279 1283 1288 1299 1301 1308 1313 1332 1335 1343
 1355 1390 1412 1414 1429 1433 1452 1466 1471 1502 1516 1522 1525 1533
 1534 1556 1562 1573 1582 1592 1598 1609 1639 1649 1677 1683 1691 1697
 1731 1745 1762 1780 1797 1817 1862 1872 1883 1885 1888 1915 1923 1933
 1948 1949 1967 1979 2013 2021 2034 2054 2067 2085 2086 2099 2104 2105
 2123 2138 2161 2184 2193 2238 2239 2240 2244 2251 2277 2288 2298 2311
 2317 2329 2331 2334 2376 2385 2389 2394 2395 2398 2410 2417 2451 2460
 2465 2486 2498 2510 2521 2547 2556 2559 2567 2600 2606 2625 2680 2696
 2708 2757 2779 2792 2811 2828 2845 2853 2864 2881 2912 2917 2926 2931
 2948 2950 2962 2998 3025 3030 3031 3084 3119 3132 3169 3181 3198 3204
 3226 3232 3259 3269 3277 3300 3305 3311 3330 3344 3349 3366 3386 3410
 3436 3466 3468 3473 3480 3488 3489 3492 3502 3503 3523 3532 3547 3552
 3573 3577 3593 3596 3645 3647 3656 3657 3662 3669 3671 3677 3687 3723
 3739 3792 3810 3821 3832 3834 3840 3894 3896 3905 3913 3923 3925 3929
 3936 3940 3945 3954 3963 4000 4001 4011 4024 4028 4029 4031 4054 4069
 4077 4078 4089 4100 4102 4114 4124 4133 4147 4174 4205 4236 4270 4307
 4310 4340 4347 4367 4393 4396 4416 4421 4423 4461 4504 4512 4528 4529
 4530 4561 4568 4573 4624 4652 4659 4733 4749 4757 4766 4771 4777 4796
 4813 4837 4876 4885 4887 4889 4901 4923 4947 4976 4986 4989 5005 5025
 5036 5050 5070 5123 5126 5145 5177 5193 5262 5270 5272 5296 5322 5327
 5335 5348 5354 5359 5362 5396 5426 5470 5485 5518 5537 5553 5558 5561
 5575 5624 5645 5648 5688 5706 5718 5726 5729 5764 5775 5815 5818 5823
 5830 5834 5835 5847 5877]
Elapsed time: 25.585325002670288 seconds
Modularity:  0.4433171535500787